00a00513 
014000ef 
04402283 
00a2a023 
030000ef 
00000013 
00050293 
00000513 
00100593 
00505c63 
00b50333 
00058513 
00030593 
fff28293 
fe5048e3 
00008067 
000000ef 
000000fc 
00000000
00000000
00000000
00000000
00000000
00000000
00000000
00000000
00000000
00000000
00000000
00000000
00000000
00000000
00000000
00000000
00000000
00000000
00000000
00000000
00000000
00000000
00000000
00000000
00000000
00000000
00000000
00000000
00000000
00000000
00000000
00000000
00000000
00000000
00000000
00000000
00000000
00000000
00000000
00000000
00000000
00000000
00000000
00000000
00000000
00000000